.Random.seed <-
c(403L, 10L, -1695600515L, -1239376524L, -1530179238L, 1435998117L, 
305002431L, 2019822662L, 1352178384L, -1767447309L, -1310457327L, 
1855992896L, -1244891106L, 1995638505L, -384330725L, -883901398L, 
-1790501044L, 2027455759L, 633669701L, -420761092L, 450289746L, 
1603111373L, -1895687289L, 448630382L, 221478472L, -1643177909L, 
1835037097L, -1778250504L, -4155354L, 1281427777L, -1143257389L, 
1337224834L, 2129351860L, 2034764855L, 1814916909L, -1544278972L, 
-852151958L, 1309846997L, -1376384145L, 618263158L, -1930664544L, 
1679274595L, 518255361L, -110564752L, -452721138L, 775573113L, 
-98559477L, 2134758202L, 2103437884L, 1258875263L, 311354069L, 
1268708076L, -131095486L, -2106221667L, 1489302039L, 50399102L, 
-653777608L, -689884645L, -1679377543L, 1089658312L, 305258998L, 
401175601L, -2075589021L, -1658406350L, -762976380L, -2113628729L, 
-302842723L, -337331180L, -690136390L, 214399749L, -421584673L, 
2041854310L, -924979984L, -1968236525L, 253676977L, 36128864L, 
333694462L, 1358836105L, -1633704261L, 810181258L, -717259412L, 
-354301201L, -588122843L, 722371548L, 1967796658L, 1419899053L, 
-753647513L, -10344562L, 1561579624L, 594115691L, 1564059145L, 
201246872L, -953142330L, -1718827231L, 1333453747L, -406353118L, 
-134988524L, -1557385833L, -2069654131L, -788122460L, -1381689718L, 
1945242869L, -15428785L, 929975382L, 1197625088L, -1306015165L, 
-599363103L, 431215952L, -1764127826L, -634066599L, -675571861L, 
1666754266L, -239392868L, 2139437983L, 113320437L, 1001182348L, 
-2090222238L, 1236627773L, -870508105L, -133505442L, 1960572824L, 
-1944488197L, -318341479L, -659478744L, -1358406186L, -239730095L, 
-1043195645L, 1112462482L, -101766620L, -1915030297L, 1483270461L, 
-629949004L, -946093542L, 534776165L, 1864972287L, -1819382138L, 
1805923856L, -1445090125L, -919132335L, -731772160L, 1786622430L, 
-1901077975L, -860087845L, 660063978L, -477846388L, 1663658959L, 
2079630213L, 1353134140L, 2085749010L, 1305003533L, 1840633159L, 
-1927217362L, -1985424760L, 1102623627L, 1873404777L, 371350840L, 
1383755750L, 1041180545L, 1440579347L, 715540674L, -1952652428L, 
-648548489L, -656304019L, 1797240580L, -1886583254L, -264442987L, 
-606597073L, -570152650L, 1814940000L, 2123253667L, 567578817L, 
-425795408L, -1199591474L, 26960697L, 716155723L, -1654488838L, 
1232370172L, -1492837825L, 1243410197L, -965411796L, -536763134L, 
-881340963L, -847983401L, 321378238L, 1444905464L, -216648229L, 
156851257L, 1020784008L, 5777718L, 1532474225L, -1450692189L, 
-1028444942L, -1831931836L, 595862279L, -330108195L, -1394615340L, 
-92824838L, 1682472517L, 855647903L, -1605321690L, -1306388304L, 
-1660690093L, 1151949937L, 862331296L, -1709802178L, 1100078153L, 
1443748091L, 369332426L, -1632393684L, -1324615121L, -1474104603L, 
2115028892L, -832228878L, 722558061L, 2129046951L, -1474357298L, 
-768330456L, 998500139L, 442199369L, -1016335784L, -237614330L, 
-1406556447L, 237974131L, -1686832414L, -1628551596L, 2050051927L, 
-208510131L, 1483998948L, -1235614006L, -2101424294L, 233660560L, 
-1897066628L, -583502572L, 649521474L, -1096084224L, 276922812L, 
977610064L, -500322014L, -1099328952L, -1532771316L, -253545892L, 
-2133695022L, 550166016L, -1837500076L, -2064298776L, 984054010L, 
1840249552L, 380796716L, -290577164L, -1208992366L, -933645984L, 
1388130316L, 1245022432L, 1348343394L, 285462696L, -883023796L, 
-1081559172L, -1459114702L, -1468494224L, 899635012L, -1270158376L, 
97036154L, 980960304L, -818378820L, -654288300L, -2046855102L, 
-1069103456L, -2063674692L, -595980336L, 870658402L, 147581672L, 
-1665970996L, -1503245828L, -1616842254L, -435881856L, 1969028596L, 
-1200133496L, 1354458938L, -804380336L, -866615188L, 789669268L, 
1364620370L, -77221408L, -1625558836L, 2052733600L, -2109015678L, 
-2002187032L, 1871647468L, -1715783364L, -1797622670L, 1891647088L, 
-1567865308L, 1300736056L, -1661348582L, 847188176L, -1668596420L, 
-1002995820L, -1623064702L, -1269751872L, -1585265092L, 847907216L, 
184984610L, -1252787960L, 1425601676L, -1974607076L, -1110812526L, 
-827373184L, -1288020972L, 632266536L, -915290566L, -546917936L, 
1250636140L, -689981516L, -1819558382L, 940909536L, 3270092L, 
-56392480L, 1387073570L, -1351125208L, -626936308L, 1469649724L, 
705754098L, 1473014512L, -1540937148L, 363603544L, -1179797702L, 
1992463344L, -1819711812L, -779868908L, -1804341054L, -888988576L, 
2022193532L, 1718507472L, -2054366942L, -635081048L, -190907508L, 
1194646716L, -110444750L, -21839296L, -1291180876L, -828570552L, 
1028610490L, -953860592L, -1224242964L, -1707419308L, -281307374L, 
146929056L, 259955404L, 38278752L, -3817534L, 2035802920L, -2000015956L, 
1314582844L, -29433998L, -1504067280L, -892121308L, 699376952L, 
458382042L, 108054416L, -383773956L, -1072738412L, 1783089218L, 
1981463808L, 1980017724L, 1263447376L, -572630878L, 386365256L, 
597014284L, 1784629980L, -1782418606L, -1099812224L, -1762256812L, 
-1485706264L, 1197012730L, -495359664L, 1392034604L, -1743206540L, 
1367860114L, 1677456992L, -1490964596L, -456764576L, 1387038690L, 
-1998749784L, 1468521676L, -2039738884L, 24832946L, -1829647888L, 
-1959958076L, 481927512L, -2042804870L, -113692240L, -859992132L, 
658804820L, -1910922302L, 824280096L, 1715494076L, -1480598960L, 
1670676450L, 1993414248L, -1428727220L, -472522500L, 273051634L, 
344120576L, 46282612L, 260857864L, 221849018L, 809598416L, -1063058452L, 
1507377044L, -776324142L, -2124187808L, 1856365900L, 588074272L, 
125617026L, -1188611352L, 2008507628L, -1120900548L, -139572366L, 
1214671472L, -1236240348L, -1832089800L, -1122866022L, 1121465040L, 
-2101280580L, -1223305580L, 57386626L, 49028288L, -1239453380L, 
689893520L, 271952418L, -1696012792L, -48217844L, -1153969508L, 
1720905234L, -1287983744L, -1772872172L, 908203560L, -2023480006L, 
-343390256L, -1662725524L, -64379084L, 1659789970L, 98515296L, 
-1055911604L, -1398444064L, 1907040162L, 1110423464L, -1567290484L, 
579511996L, 316296050L, 1657518320L, -478078908L, -616768168L, 
-232549318L, -1644723344L, -1809841092L, 191275899L, 1653933277L, 
321422602L, -473669592L, -309111663L, -1704820605L, -837922428L, 
847183794L, 130597127L, -1605151919L, 680039126L, -695088204L, 
57684933L, 261202703L, 1171956104L, -427739994L, -1711176621L, 
994330037L, -1654674670L, -1038313248L, 876162377L, -362254469L, 
-2082162100L, 1234174938L, -678770225L, 1185111961L, 1885321134L, 
-1608991556L, 1388131629L, -721131817L, -1846923488L, -571725698L, 
-1965027765L, 143402061L, 19180154L, -1114258760L, 1636612193L, 
-237762029L, 1850761268L, -803217854L, -1068320169L, 634620321L, 
962644582L, -1247651228L, 439495061L, -2119482689L, -2110252456L, 
-1127149962L, -655486333L, -527571259L, 124670946L, 88297040L, 
-208192647L, -640659285L, 796031004L, 815273802L, 1023405887L, 
-1843744375L, -915787362L, -1932023732L, 1896997405L, 120410023L, 
1917313744L, 1089434734L, 1771023131L, 311714941L, 1134934634L, 
-792556792L, 1018528689L, -1416264669L, 1890856228L, 1391077842L, 
-53396953L, -1180179343L, -276563274L, -66394540L, 1940458213L, 
-1876900113L, 2023723560L, 653014662L, 637780147L, -1900390891L, 
-1091823502L, -265173824L, 918575401L, 1029529499L, -1126057876L, 
-1125733254L, -391187025L, -674466631L, 1932017358L, 149552156L, 
-341024883L, 1568930295L, 572034304L, 2000710494L, 613284907L, 
329986861L, 958390170L, -1215492776L, 433479873L, -249028749L, 
-1490230124L, 1622708514L, 898494519L, -378765055L, 782185478L, 
1850937924L, 486103925L, -1091289377L, 977914424L, -1327152618L, 
-871959005L, -316268059L, 52047874L, -381072784L, 320503833L, 
1333025291L, -1067290372L, 1402105130L, 961311583L, 1930789609L, 
1713539582L, 2052314604L, 1614243133L, -709456633L, 443428080L, 
2096279694L, -1459598661L, 1946821277L, 2133898826L, -474710936L, 
-1580788655L, 1200144195L, -247453116L, 1396402418L, 304911559L, 
211988113L, -1826263018L, 348994164L, 2003729669L, -1588579505L, 
1709137224L, -889073434L, -574798317L, -864347787L, -331686574L, 
